1 99346 3 78401 19580 1365 
2 98401 3 78401 19580 420 
3 97951 3 78401 19366 184 
4 97767 2 78401 19366 
5 97577 2 78401 19176 
6 97270 2 78401 18869 
7 96270 2 78401 17869 
8 93518 2 78401 15117 
9 92716 2 78401 14315 
10 92595 2 78401 14194 
11 91194 2 78401 12793 
12 90881 2 78401 12480 
13 90389 2 78401 11988 
14 89961 2 78401 11560 
15 89425 2 78401 11024 
16 87728 2 78401 9327 
17 86333 2 78401 7932 
18 83863 2 78401 5462 
19 83482 2 78401 5081 
20 83108 2 78401 4707 
21 82188 2 78401 3787 
22 80425 2 78401 2024 
23 79320 2 78401 919 
24 79183 2 78401 782 
25 78716 2 78401 315 
26 78345 2 59629 18716 
27 78032 2 59629 18403 
28 78002 2 59629 18373 
29 77661 2 59629 18032 
30 77269 2 59629 17640 
31 77071 2 59629 17442 
32 76785 2 59629 17156 
33 76552 2 59629 16923 
34 76255 2 59629 16626 
35 76195 2 59629 16566 
36 75791 2 59629 16162 
37 73833 2 59629 14204 
38 73193 2 59629 13564 
39 71594 2 59629 11965 
40 70613 2 59629 10984 
41 70465 2 59629 10836 
42 70105 2 59629 10476 
43 69619 2 59629 9990 
44 69520 2 59629 9891 
45 66892 2 59629 7263 
46 64867 2 59629 5238 
47 63077 2 59629 3448 
48 63074 2 59629 3445 
49 62379 2 59629 2750 
50 60844 2 59629 1215 
51 59283 3 36214 19580 3489 
52 58319 3 36214 19580 2525 
53 58240 3 36214 19580 2446 
54 57847 3 36214 19580 2053 
55 57311 3 36214 19580 1517 
56 57218 3 36214 19580 1424 
57 56869 3 36214 19580 1075 
58 55161 2 36214 18947 
59 54878 2 36214 18664 
60 54394 2 36214 18180 
61 52178 2 36214 15964 
62 49055 2 36214 12841 
63 48363 2 36214 12149 
64 46624 2 36214 10410 
65 46031 2 36214 9817 
66 45286 2 36214 9072 
67 44204 2 36214 7990 
68 42163 2 36214 5949 
69 41787 2 36214 5573 
70 41644 2 36214 5430 
71 41004 2 36214 4790 
72 40002 2 36214 3788 
73 39381 2 36214 3167 
74 39345 2 36214 3131 
75 37733 2 19580 18153 
76 36547 2 19580 16967 
77 36214 1 36214 
78 35898 2 19580 16318 
79 35742 2 19580 16162 
80 35401 2 19580 15821 
81 34822 2 19580 15242 
82 33684 2 19580 14104 
83 33349 2 19580 13769 
84 33036 2 19580 13456 
85 32613 2 19580 13033 
86 30935 2 19580 11355 
87 29716 2 19580 10136 
88 27727 2 19580 8147 
89 23338 2 19580 3758 
90 21833 2 19580 2253 
91 21522 2 19580 1942 
92 18800 1 18800 
93 18089 1 18089 
94 17809 1 17809 
95 17042 1 17042 
96 15175 1 15175 
97 14386 1 14386 
98 13900 1 13900 
99 12112 1 12112 
100 11310 1 11310 
B1 78401
B2 59629
B3 36214
B4 19580
B5 19366
B6 16162
B7 11355
B8 3788
COST 244495
