1 9610 4 3814 3814 1022 960 
2 9280 4 3814 3814 1022 630 
3 8650 3 3814 3814 1022 
4 8630 3 3814 3814 1002 
5 8480 5 3814 1672 1672 1022 300 
6 8460 5 3814 1672 1672 1022 280 
7 8180 4 3814 1672 1672 1022 
8 7970 4 3814 1672 1672 812 
9 7770 4 3814 1672 1672 612 
10 6980 4 3814 1672 1022 472 
11 6400 3 3814 1672 914 
12 5750 3 3814 1022 914 
13 5750 3 3814 1022 914 
14 5510 3 3814 1022 674 
15 4980 3 3814 1022 144 
16 4690 2 3814 876 
17 3890 3 1672 1672 546 
18 3760 3 1672 1672 416 
19 3710 3 1672 1022 1016 
20 3610 3 1672 1022 916 
21 3530 3 1672 1022 836 
22 2440 2 1672 768 
23 1870 2 1022 848 
24 1800 2 1022 778 
25 1780 2 1022 758 
B1 3814
B2 1672
B3 1022
B4 916
COST 7424
