1 99346 3 78302 19649 1395 
2 98401 3 78302 19465 634 
3 97951 2 78302 19649 
4 97767 2 78302 19465 
5 97577 2 78302 19275 
6 97270 2 78302 18968 
7 96270 2 78302 17968 
8 93518 2 78302 15216 
9 92716 2 78302 14414 
10 92595 2 78302 14293 
11 91194 2 78302 12892 
12 90881 2 78302 12579 
13 90389 2 78302 12087 
14 89961 2 78302 11659 
15 89425 2 78302 11123 
16 87728 2 78302 9426 
17 86333 2 78302 8031 
18 83863 2 78302 5561 
19 83482 2 78302 5180 
20 83108 2 78302 4806 
21 82188 2 78302 3886 
22 80425 2 78302 2123 
23 79320 2 78302 1018 
24 79183 2 78302 881 
25 78716 2 78302 414 
26 78345 2 59698 18647 
27 78032 2 59698 18334 
28 78002 2 59698 18304 
29 77661 2 59698 17963 
30 77269 2 59698 17571 
31 77071 2 59698 17373 
32 76785 2 59698 17087 
33 76552 2 59698 16854 
34 76255 2 59698 16557 
35 76195 2 59698 16497 
36 75791 2 59698 16093 
37 73833 2 59698 14135 
38 73193 2 59698 13495 
39 71594 2 59698 11896 
40 70613 2 59698 10915 
41 70465 2 59698 10767 
42 70105 2 59698 10407 
43 69619 2 59698 9921 
44 69520 2 59698 9822 
45 66892 2 59698 7194 
46 64867 2 59698 5169 
47 63077 2 59698 3379 
48 63074 2 59698 3376 
49 62379 2 59698 2681 
50 60844 2 59698 1146 
51 59283 3 36091 19649 3543 
52 58319 3 36091 19649 2579 
53 58240 3 36091 19649 2500 
54 57847 3 36091 19649 2107 
55 57311 3 36091 19649 1571 
56 57218 3 36091 19649 1478 
57 56869 3 36091 19649 1129 
58 55161 2 36091 19070 
59 54878 2 36091 18787 
60 54394 2 36091 18303 
61 52178 2 36091 16087 
62 49055 2 36091 12964 
63 48363 2 36091 12272 
64 46624 2 36091 10533 
65 46031 2 36091 9940 
66 45286 2 36091 9195 
67 44204 2 36091 8113 
68 42163 2 36091 6072 
69 41787 2 36091 5696 
70 41644 2 36091 5553 
71 41004 2 36091 4913 
72 40002 2 36091 3911 
73 39381 2 36091 3290 
74 39345 2 36091 3254 
75 37733 2 36091 1642 
76 36547 2 19649 16898 
77 36214 2 19649 16565 
78 35898 2 19649 16249 
79 35742 2 19649 16093 
80 35401 2 19649 15752 
81 34822 2 19649 15173 
82 33684 2 19649 14035 
83 33349 2 19649 13700 
84 33036 2 19649 13387 
85 32613 2 19649 12964 
86 30935 2 19649 11286 
87 29716 2 19649 10067 
88 27727 2 19649 8078 
89 23338 2 19649 3689 
90 21833 2 19649 2184 
91 21522 2 19649 1873 
92 18800 1 18800 
93 18089 1 18089 
94 17809 1 17809 
95 17042 1 17042 
96 15175 1 15175 
97 14386 1 14386 
98 13900 1 13900 
99 12112 1 12112 
100 11310 1 11310 
B1 78302
B2 59698
B3 36091
B4 19649
B5 19465
B6 16093
B7 11310
B8 3911
COST 244519
