1 99346 3 78345 19606 1395 
2 98401 3 78345 19055 1001 
3 97951 2 78345 19606 
4 97767 3 78345 19055 367 
5 97577 3 78345 19055 177 
6 97270 2 78345 18925 
7 96270 2 78345 17925 
8 93518 2 78345 15173 
9 92716 2 78345 14371 
10 92595 2 78345 14250 
11 91194 2 78345 12849 
12 90881 2 78345 12536 
13 90389 2 78345 12044 
14 89961 2 78345 11616 
15 89425 2 78345 11080 
16 87728 2 78345 9383 
17 86333 2 78345 7988 
18 83863 2 78345 5518 
19 83482 2 78345 5137 
20 83108 2 78345 4763 
21 82188 2 78345 3843 
22 80425 2 78345 2080 
23 79320 2 78345 975 
24 79183 2 78345 838 
25 78716 2 59661 19055 
26 78345 1 78345 
27 78032 2 59661 18371 
28 78002 2 59661 18341 
29 77661 2 59661 18000 
30 77269 2 59661 17608 
31 77071 2 59661 17410 
32 76785 2 59661 17124 
33 76552 2 59661 16891 
34 76255 2 59661 16594 
35 76195 2 59661 16534 
36 75791 2 59661 16130 
37 73833 2 59661 14172 
38 73193 2 59661 13532 
39 71594 2 59661 11933 
40 70613 2 59661 10952 
41 70465 2 59661 10804 
42 70105 2 59661 10444 
43 69619 2 59661 9958 
44 69520 2 59661 9859 
45 66892 2 59661 7231 
46 64867 2 59661 5206 
47 63077 2 59661 3416 
48 63074 2 59661 3413 
49 62379 2 59661 2718 
50 60844 2 59661 1183 
51 59283 3 36214 19606 3463 
52 58319 3 36214 19606 2499 
53 58240 3 36214 19606 2420 
54 57847 3 36214 19606 2027 
55 57311 3 36214 19606 1491 
56 57218 3 36214 19606 1398 
57 56869 3 36214 19606 1049 
58 55161 2 36214 18947 
59 54878 2 36214 18664 
60 54394 2 36214 18180 
61 52178 2 36214 15964 
62 49055 2 36214 12841 
63 48363 2 36214 12149 
64 46624 2 36214 10410 
65 46031 2 36214 9817 
66 45286 2 36214 9072 
67 44204 2 36214 7990 
68 42163 2 36214 5949 
69 41787 2 36214 5573 
70 41644 2 36214 5430 
71 41004 2 36214 4790 
72 40002 2 36214 3788 
73 39381 2 36214 3167 
74 39345 2 36214 3131 
75 37733 2 19606 18127 
76 36547 2 19606 16941 
77 36214 1 36214 
78 35898 2 19606 16292 
79 35742 2 19606 16136 
80 35401 2 19606 15795 
81 34822 2 19606 15216 
82 33684 2 19606 14078 
83 33349 2 19606 13743 
84 33036 2 19606 13430 
85 32613 2 19606 13007 
86 30935 2 19606 11329 
87 29716 2 19606 10110 
88 27727 2 19606 8121 
89 23338 2 19606 3732 
90 21833 2 19606 2227 
91 21522 2 19606 1916 
92 18800 1 18800 
93 18089 1 18089 
94 17809 1 17809 
95 17042 1 17042 
96 15175 1 15175 
97 14386 1 14386 
98 13900 1 13900 
99 12112 1 12112 
100 11310 1 11310 
B1 78345
B2 59661
B3 36214
B4 19606
B5 19055
B6 16136
B7 11329
B8 3843
COST 244189
