1 9610 4 3814 3814 1022 960 
2 9280 4 3814 3814 1022 630 
3 8650 3 3814 3814 1022 
4 8630 3 3814 3814 1002 
5 8480 5 3814 1673 1673 1022 298 
6 8460 5 3814 1673 1673 1022 278 
7 8180 4 3814 1673 1673 1020 
8 7970 4 3814 1673 1673 810 
9 7770 4 3814 1673 1673 610 
10 6980 4 3814 1673 1022 471 
11 6400 3 3814 1673 913 
12 5750 3 3814 1022 914 
13 5750 3 3814 1022 914 
14 5510 3 3814 1022 674 
15 4980 3 3814 1022 144 
16 4690 2 3814 876 
17 3890 3 1673 1673 544 
18 3760 3 1673 1673 414 
19 3710 3 1673 1022 1015 
20 3610 3 1673 1022 915 
21 3530 3 1673 1022 835 
22 2440 2 1673 767 
23 1870 2 1022 848 
24 1800 2 1022 778 
25 1780 2 1022 758 
B1 3814
B2 1673
B3 1022
B4 915
COST 7424
